0.3004116714000702
0.17489811778068542
0.20710845291614532
0.30709266662597656
0.36847570538520813
0.25556182861328125
0.1325550377368927
0.23438313603401184
0.1819317489862442
0.30352234840393066
0.1271630823612213
0.1370691955089569
0.20066657662391663
0.1667797565460205
0.27468594908714294
0.2181713879108429
0.20571576058864594
0.2247859686613083
0.22024782001972198
0.13836915791034698
0.3432895243167877
0.1518791913986206
0.40090739727020264
0.30700159072875977
0.217455193400383
0.14980266988277435
0.1819368451833725
0.2565024793148041
0.2297057807445526
0.1785302460193634
0.4129212200641632
0.2676015794277191
0.14608721435070038
0.22231216728687286
0.2564801573753357
0.15357600152492523
0.23006929457187653
0.20074030756950378
0.25406932830810547
0.24015532433986664
0.1594318151473999
0.2208574116230011
0.36455070972442627
0.17730233073234558
0.18098759651184082
0.20328427851200104
0.25645506381988525
0.3081609606742859
0.16797348856925964
0.14804387092590332
0.3165489137172699
0.16960078477859497
0.2555235028266907
0.3066234886646271
0.2442774623632431
0.2728482484817505
0.2349586933851242
0.15514570474624634
0.3339454233646393
0.27849504351615906
0.18560965359210968
0.19680830836296082
0.2176327407360077
0.3763519525527954
0.1209154948592186
0.25773102045059204
0.203964963555336
0.2683038115501404
0.13603726029396057
0.17270860075950623
0.2525339722633362
0.2658388316631317
0.18986862897872925
0.23912161588668823
0.2297268658876419
0.23395611345767975
0.1732627898454666
0.22764863073825836
0.22518384456634521
0.30590012669563293
0.15377379953861237
0.18299123644828796
0.33399125933647156
0.1791369765996933
0.22530753910541534
0.19334633648395538
0.25285473465919495
0.18214844167232513
0.30746990442276
0.20962755382061005
0.3497954308986664
0.23901128768920898
0.16812866926193237
0.26924407482147217
0.20842933654785156
0.2666381299495697
0.1899815797805786
0.31713324785232544
0.3009968101978302
0.2696937322616577
0.24972522258758545
0.27486833930015564
0.16128776967525482
0.2836793065071106
0.18544888496398926
0.3577677309513092
0.17609857022762299
0.17996422946453094
0.25278279185295105
0.12444444745779037
0.2310284823179245
0.16063657402992249
0.2944505214691162
0.13764983415603638
0.30513590574264526
0.22562161087989807
0.2236660271883011
0.1761808842420578
0.17064447700977325
0.22790025174617767
0.23315294086933136
0.26010385155677795
0.19035157561302185
0.14771077036857605
0.1481209397315979
0.20603416860103607
0.18861088156700134
0.2754463255405426
0.3219493627548218
0.3277912735939026
0.16187024116516113
0.14838698506355286
0.23234114050865173
0.22090359032154083
0.2864024043083191
0.2088453769683838
0.168740913271904
0.3840433359146118
0.30029842257499695
0.16897928714752197
0.164617657661438
0.2143688052892685
0.24652984738349915
0.2608473002910614
0.1507856845855713
0.38958072662353516
0.38169002532958984
0.19250689446926117
0.2509264647960663
0.21859270334243774
0.2192683070898056
0.3961196541786194
0.2955246567726135
0.20510290563106537
0.29482758045196533
0.25219419598579407
0.2164018154144287
0.23810705542564392
0.25806376338005066
0.35764363408088684
0.20366942882537842
0.1797526478767395
0.2398286610841751
0.17317861318588257
0.2423895299434662
0.40246856212615967
0.2575953006744385
0.13086122274398804
0.42030248045921326
0.2762417197227478
0.2236093282699585
0.23497475683689117
0.3497297465801239
0.23225025832653046
0.1575697362422943
0.21276035904884338
0.1546291559934616
0.20763160288333893
0.22319979965686798
0.16393330693244934
0.13535548746585846
0.2550280690193176
0.321564257144928
0.14154446125030518
0.147088885307312
0.289437472820282
0.21742460131645203
0.2892380952835083
0.33882057666778564
0.23987117409706116
0.15686284005641937
0.2084101289510727
0.25348109006881714
0.24615898728370667
0.18793576955795288
0.4997084140777588
0.13867485523223877
0.1670520156621933
0.19031807780265808
0.15627381205558777
0.19560213387012482
0.1572922021150589
0.18421633541584015
0.22084800899028778
0.17228195071220398
0.23562295734882355
0.1486290544271469
0.18784643709659576
0.404288113117218
0.12533718347549438
0.23592768609523773
0.18645085394382477
0.14794567227363586
0.1772942692041397
0.15963774919509888
0.26945945620536804
0.2262050062417984
0.20975904166698456
0.16948559880256653
0.16522450745105743
0.238876074552536
0.22024206817150116
0.18912412226200104
0.13320812582969666
0.16421259939670563
0.18292167782783508
0.20486219227313995
0.2375565618276596
0.15828634798526764
0.13054627180099487
0.17152221500873566
0.2480057179927826
0.2299678921699524
0.3309999704360962
0.30069413781166077
0.13029950857162476
0.1823723018169403
0.37190714478492737
0.31887638568878174
0.23918046057224274
0.16988877952098846
0.1560157984495163
0.23412451148033142
0.25752872228622437
0.21956901252269745
0.12992025911808014
0.186140775680542
0.2854907810688019
0.25390008091926575
0.20457592606544495
0.2413407564163208
0.2626076936721802
0.1799573302268982
0.2966609299182892
0.1748952716588974
0.45931828022003174
0.2177848070859909
0.34804418683052063
0.11417940258979797
0.5270940661430359
0.23111295700073242
0.20519647002220154
0.26252084970474243
0.18959085643291473
0.2784736156463623
0.16273485124111176
0.18295642733573914
0.24143828451633453
0.1875808984041214
0.20526191592216492
0.15007418394088745
0.14608938992023468
0.15124206244945526
0.20624765753746033
0.2531109154224396
0.29556339979171753
0.1891050785779953
0.24655912816524506
0.3159950077533722
0.19769485294818878
0.41329890489578247
0.23930898308753967
0.23395152390003204
0.2112528532743454
0.31192758679389954
0.12700343132019043
0.1678900420665741
0.3543805480003357
0.2309700846672058
0.29023605585098267
0.14956176280975342
0.31994420289993286
0.24637238681316376
0.21830952167510986
0.16397716104984283
0.2383890151977539
0.1608554571866989
0.25051525235176086
0.16776831448078156
0.36750495433807373
0.17809201776981354
0.17959947884082794
0.24056921899318695
0.24607707560062408
0.18597714602947235
0.16260717809200287
0.1578238159418106
0.1325814425945282
0.20627786219120026
0.16207773983478546
0.3411206901073456
0.22710038721561432
0.21090981364250183
0.2070426046848297
0.22861453890800476
0.27824926376342773
0.14623315632343292
0.26225361227989197
0.25347700715065
0.13368478417396545
0.24228115379810333
0.22956953942775726
0.2475491166114807
0.22031807899475098
0.23082827031612396
0.2035868912935257
0.4153217375278473
0.1911199539899826
0.14298273622989655
0.25733664631843567
0.14378732442855835
0.18893449008464813
0.23271402716636658
0.15771105885505676
0.14850667119026184
0.17062407732009888
0.18466471135616302
0.2539026141166687
0.3066736161708832
0.15687726438045502
0.23017966747283936
0.19298236072063446
0.2754531502723694
0.33140647411346436
0.23401044309139252
0.3417562246322632
0.15199793875217438
0.1674019992351532
0.3094656467437744
0.3644745945930481
0.335297167301178
0.12462964653968811
0.2425617128610611
0.16421204805374146
0.12460637837648392
0.24103932082653046
0.16803351044654846
0.18528567254543304
0.18468445539474487
0.14469097554683685
0.2123032808303833
0.35828351974487305
0.26380398869514465
0.2101462036371231
0.21251073479652405
0.22526775300502777
0.22769282758235931
0.2080381214618683
0.2507246434688568
0.21736571192741394
0.21376903355121613
0.16899386048316956
0.17139500379562378
0.1931985765695572
0.23733878135681152
0.15202215313911438
0.16560426354408264
0.19277729094028473
0.15420544147491455
0.178228497505188
0.3715342879295349
0.22784797847270966
0.2794463336467743
0.1498926281929016
0.15194444358348846
0.3082927167415619
0.1588374525308609
0.15944084525108337
0.30871909856796265
0.2452213317155838
0.18407052755355835
0.18404756486415863
0.23079372942447662
0.19854311645030975
0.23848481476306915
0.23917412757873535
0.21170762181282043
0.32648712396621704
0.32166579365730286
0.2729361653327942
0.36914318799972534
0.23879508674144745
0.3183619976043701
0.37365594506263733
0.18458089232444763
0.24500560760498047
0.3129420876502991
0.20366954803466797
0.2996617555618286
0.4211287796497345
0.1603732854127884
0.25887659192085266
0.1971830576658249
0.2318297177553177
0.12469533085823059
0.24539786577224731
0.2668226659297943
0.3200770914554596
0.15972284972667694
0.300690233707428
0.2357628494501114
0.1670716553926468
0.24467973411083221
0.17296017706394196
0.3373003304004669
0.15895065665245056
0.3667130172252655
0.3450809717178345
0.13476033508777618
0.21634595096111298
0.32062026858329773
0.23592789471149445
0.19876399636268616
0.39958640933036804
0.2425968497991562
0.16504263877868652
0.17457672953605652
0.37487009167671204
0.14985309541225433
0.15717482566833496
0.3397127389907837
0.12927097082138062
0.18089154362678528
0.2739938497543335
0.27509939670562744
0.16006554663181305
0.1456199735403061
0.16196273267269135
0.20098894834518433
0.23321695625782013
0.2285992056131363
0.2658814489841461
0.3735227584838867
0.18839465081691742
0.18695923686027527
0.1414952278137207
0.18173092603683472
0.24347729980945587
0.3628298044204712
0.1655433177947998
0.23417681455612183
0.13326077163219452
0.19240140914916992
0.11928675323724747
0.1641305834054947
0.14442217350006104
0.135383740067482
0.16454346477985382
0.19362150132656097
0.21214376389980316
0.18923291563987732
0.14350715279579163
0.21785637736320496
0.23656432330608368
0.20246507227420807
0.23483729362487793
0.25898975133895874
0.19283339381217957
0.1798003911972046
0.2391781210899353
0.16109764575958252
0.17270390689373016
0.2397090643644333
0.23169581592082977
0.30387938022613525
0.262964129447937
0.2411859929561615
0.3000778257846832
0.24756847321987152
0.3407639265060425
0.23059523105621338
0.3139963746070862
0.22177577018737793
0.24768255650997162
0.2205577939748764
0.24698618054389954
0.19420582056045532
0.1678972691297531
0.22880476713180542
0.18458105623722076
0.15337660908699036
0.1929899901151657
0.19585509598255157
0.13688774406909943
0.5025730133056641
0.19265474379062653
0.15258930623531342
0.1295514553785324
0.24795648455619812
0.4585134983062744
0.23335419595241547
0.29362908005714417
0.14193254709243774
0.2379419207572937
0.3621407151222229
0.1821659803390503
0.17155729234218597
0.15259894728660583
0.14628787338733673
0.29829442501068115
0.14028207957744598
0.2748267650604248
0.35135430097579956
0.26369932293891907
0.25188738107681274
0.1709403395652771
0.1497838795185089
0.133773535490036
0.1919376403093338
0.17916595935821533
0.29119813442230225
0.3576171100139618
0.1245565414428711
0.23445233702659607
0.2284623086452484
0.23654723167419434
0.22661466896533966
0.22029319405555725
0.12852737307548523
0.393151193857193
0.3464057743549347
0.31126663088798523
0.1491970270872116
0.28302425146102905
0.28671324253082275
0.15091592073440552
0.22720281779766083
0.14757150411605835
0.2347281575202942
0.2180892676115036
0.3039371073246002
0.20015881955623627
0.3167922794818878
0.21938054263591766
0.20735223591327667
0.18542388081550598
0.18238186836242676
0.19617317616939545
0.3482819199562073
0.15987668931484222
0.14743952453136444
0.14648833870887756
0.1449001282453537
0.1516956388950348
0.15465578436851501
0.14006875455379486
0.13904838263988495
0.3087517321109772
0.2284267097711563
0.13940227031707764
0.20953692495822906
0.2033177614212036
0.30731216073036194
0.3092275559902191
0.1300915777683258
0.29860684275627136
0.27587175369262695
0.21373103559017181
0.18592025339603424
0.21758058667182922
0.16904424130916595
0.16340582072734833
0.1761486530303955
0.189072847366333
0.2128184586763382
0.31642165780067444
0.1767115592956543
0.20802204310894012
0.15174996852874756
0.18326503038406372
0.5194574594497681
0.42493870854377747
0.18374155461788177
0.3381187915802002
0.337247759103775
0.17332737147808075
0.15257658064365387
0.1928269863128662
0.17191867530345917
0.39218980073928833
0.1505727767944336
0.30754199624061584
0.24504277110099792
0.5789886116981506
0.19875802099704742
0.18192312121391296
0.21569517254829407
0.31342941522598267
0.26852744817733765
0.12119672447443008
0.2450118511915207
0.22682254016399384
0.4459730088710785
0.2778661251068115
0.1582484096288681
0.2794981002807617
0.18904682993888855
0.12741819024085999
0.20110411942005157
0.21046186983585358
0.2529667615890503
0.1845179945230484
0.14911410212516785
0.34528592228889465
0.23802433907985687
0.4701727032661438
0.18384230136871338
0.29619237780570984
0.2620786726474762
0.29266685247421265
0.20470669865608215
0.23967941105365753
0.1884913444519043
0.1852588802576065
0.20318330824375153
0.154164656996727
0.2241389900445938
0.19728535413742065
0.3707764148712158
0.2536051273345947
0.22967825829982758
0.4743751883506775
0.14386522769927979
0.2158668488264084
0.2690047025680542
0.15309156477451324
0.17612673342227936
0.15734454989433289
0.17860755324363708
0.1778307855129242
0.2143319547176361
0.2294350564479828
0.2964284121990204
0.15269096195697784
0.22740989923477173
0.2614734470844269
0.3364019989967346
0.18194572627544403
0.4434871971607208
0.2180943638086319
0.24868695437908173
0.1302395910024643
0.16328220069408417
0.13073842227458954
0.21241888403892517
0.32059288024902344
0.3027338683605194
0.22361807525157928
0.6008259057998657
0.3076636493206024
0.18100671470165253
0.26018887758255005
0.24820546805858612
0.21177439391613007
0.2497919499874115
0.20111985504627228
0.2076524794101715
0.2081846296787262
0.282564640045166
0.18573594093322754
0.2177538275718689
0.19987937808036804
0.2418525665998459
0.21993060410022736
0.1646050214767456
0.2664391100406647
0.24395529925823212
0.17724564671516418
0.20910310745239258
0.15527066588401794
0.3076716661453247
0.18802064657211304
0.28867629170417786
0.21703018248081207
0.18015973269939423
0.22588475048542023
0.4504256248474121
0.12612596154212952
0.18721657991409302
0.2800852954387665
0.17302729189395905
0.2186988741159439
0.23416811227798462
0.34322914481163025
0.16857460141181946
0.21628348529338837
0.24584978818893433
0.17845052480697632
0.1442357450723648
0.1698756068944931
0.15973906219005585
0.18400679528713226
0.16993652284145355
0.2970649003982544
0.3668104112148285
0.16928710043430328
0.1747889518737793
0.20506618916988373
0.16111977398395538
0.1992310881614685
0.2491106241941452
0.1474936306476593
0.2552169859409332
0.15380516648292542
0.23042835295200348
0.3573073446750641
0.17095594108104706
0.15501897037029266
0.2451321929693222
0.16886387765407562
0.24284251034259796
0.1966145932674408
0.1107960119843483
0.23080462217330933
0.12356965243816376
0.3028867542743683
0.15109455585479736
0.25515568256378174
0.2159951776266098
0.28757044672966003
0.2777298092842102
0.18064479529857635
0.14542631804943085
0.24311132729053497
0.2614988684654236
0.19891604781150818
0.16520705819129944
0.21519845724105835
0.32718154788017273
0.34673652052879333
0.2280592918395996
0.18452444672584534
0.14742104709148407
0.27453744411468506
0.38113710284233093
0.20262226462364197
0.3267083764076233
0.18909862637519836
0.23236127197742462
0.29552584886550903
0.2093466818332672
0.3438102602958679
0.25560852885246277
0.220521479845047
0.13339830935001373
0.16602206230163574
0.24744917452335358
0.1831565648317337
0.3120855391025543
0.13869857788085938
0.19680143892765045
0.15490520000457764
0.12929174304008484
0.29453638195991516
0.3489838242530823
0.2397606074810028
0.31512102484703064
0.20894771814346313
0.12359599024057388
0.32185521721839905
0.350522518157959
0.2576441466808319
0.2846159338951111
0.17725200951099396
0.3234728276729584
0.2255633920431137
0.2127278447151184
0.1637800633907318
0.1664545089006424
0.21214820444583893
0.15770180523395538
0.2088845670223236
0.19003598392009735
0.3738420307636261
0.12392625957727432
0.31317082047462463
0.16231654584407806
0.27281826734542847
0.2877982556819916
0.24733199179172516
0.191017284989357
0.3298766016960144
0.17766651511192322
0.3189813196659088
0.17766793072223663
0.25994884967803955
0.3689592778682709
0.14248885214328766
0.17386294901371002
0.18530765175819397
0.23763376474380493
0.23251014947891235
0.3217851519584656
0.1592298299074173
0.2520826458930969
0.18501199781894684
0.34674379229545593
0.22632373869419098
0.305107444524765
0.2356872260570526
0.18233421444892883
0.34246066212654114
0.3048822283744812
0.20502044260501862
0.17296281456947327
0.28462135791778564
0.12802477180957794
0.15998783707618713
0.2743474245071411
0.15380674600601196
0.1821793019771576
0.18607701361179352
0.2776029407978058
0.14775261282920837
0.11955971270799637
0.16268442571163177
0.23795117437839508
0.22306573390960693
0.2535236179828644
0.21428146958351135
0.18609115481376648
0.17941534519195557
0.4184146523475647
0.19087716937065125
0.21254129707813263
0.2174912989139557
0.22554844617843628
0.3579046130180359
0.15607354044914246
0.15741455554962158
0.31157374382019043
0.20044948160648346
0.18962211906909943
0.1781737357378006
0.23092330992221832
0.1770460307598114
0.17202362418174744
0.2178378701210022
0.1575888991355896
0.1478518843650818
0.1962682604789734
0.27277031540870667
0.2321814000606537
0.1784728616476059
0.17538048326969147
0.17618951201438904
0.26980382204055786
0.19873857498168945
0.17956411838531494
0.3066999614238739
0.13559462130069733
0.3362284302711487
0.3675263822078705
0.13403604924678802
0.1371627002954483
0.29672694206237793
0.3447410464286804
0.15196949243545532
0.11832175403833389
0.21464569866657257
0.15112006664276123
0.2125280797481537
0.32367709279060364
0.20242156088352203
0.21881607174873352
0.19152218103408813
0.34280943870544434
0.18881958723068237
0.13906386494636536
0.23968061804771423
0.24289046227931976
0.22889839112758636
0.19999052584171295
0.22598575055599213
0.2487606406211853
0.16209273040294647
0.2127496302127838
0.32591408491134644
0.1616777628660202
0.14935797452926636
0.1674572229385376
0.12636758387088776
0.18412597477436066
0.26058104634284973
0.26258793473243713
0.3113479018211365
0.22229859232902527
0.16721588373184204
0.30671343207359314
0.1364397406578064
0.1908748596906662
0.22952504456043243
0.17725346982479095
0.1866777092218399
0.15242266654968262
0.12632130086421967
0.14557471871376038
0.156319260597229
0.14246249198913574
0.2878217399120331
0.22227250039577484
0.18747881054878235
0.1858922839164734
0.13241778314113617
0.23719561100006104
0.14305616915225983
0.15433447062969208
0.1819070279598236
0.19566458463668823
0.15439248085021973
0.2127443104982376
0.30046215653419495
0.31925615668296814
0.2680356800556183
0.19716998934745789
0.2779310643672943
0.34850016236305237
0.17119017243385315
0.2887829542160034
0.22442986071109772
0.1787358522415161
0.2388051301240921
0.1879534274339676
0.3289167582988739
0.2931167185306549
0.28847038745880127
0.2031354159116745
0.15697498619556427
0.17369769513607025
0.15635190904140472
0.22076191008090973
0.18157246708869934
0.38664355874061584
0.14254994690418243
0.15098358690738678
0.16965776681900024
0.2000524252653122
0.18173567950725555
0.15091946721076965
0.20838332176208496
0.1576198935508728
0.12535838782787323
0.12893275916576385
0.288100004196167
0.18169836699962616
0.22277675569057465
0.22074373066425323
0.17815972864627838
0.24095797538757324
0.18066315352916718
0.23892100155353546
0.22188067436218262
0.4486556351184845
0.14229829609394073
0.2356690764427185
0.26079365611076355
0.15235701203346252
0.4518957734107971
0.1840292513370514
0.24909378588199615
0.358119398355484
0.24813275039196014
0.12492985278367996
0.29455071687698364
0.1937430202960968
0.17964303493499756
0.1591261774301529
0.14416177570819855
0.1535167098045349
0.21309876441955566
0.18006069958209991
0.3189399540424347
0.13644924759864807
0.24801190197467804
0.12001637369394302
0.18000143766403198
0.1769714206457138
0.3064505457878113
0.2488742470741272
0.22356447577476501
0.35577186942100525
0.14581479132175446
0.33999061584472656
0.3596954047679901
0.3357035517692566
0.16434025764465332
0.17306667566299438
0.2579807639122009
0.1816408783197403
0.19503027200698853
0.13544981181621552
0.15528616309165955
0.22236381471157074
0.17852988839149475
0.3918399214744568
0.2546193599700928
0.17493121325969696
0.26523149013519287
0.1756027489900589
0.1724931299686432
0.24272902309894562
0.15643730759620667
0.20803655683994293
0.1480732262134552
0.30018576979637146
0.19357244670391083
0.19198793172836304
0.16221337020397186
0.18718942999839783
0.4082714915275574
0.3859313726425171
0.26770102977752686
0.17699895799160004
0.1593325436115265
0.19744902849197388
0.28583386540412903
0.244910329580307
0.19265006482601166
0.14320465922355652
0.2256959080696106
0.24679124355316162
0.16866600513458252
0.1562040150165558
0.16667813062667847
0.25494280457496643
0.4914925992488861
0.22779580950737
0.13269169628620148
0.24172630906105042
0.30941641330718994
0.3644130229949951
0.4235565960407257
0.15129069983959198
0.29578372836112976
0.1740313470363617
0.13584397733211517
0.2299768179655075
0.1842784732580185
0.28794044256210327
0.14054839313030243
0.16264575719833374
0.21634936332702637
0.28209760785102844
0.16340045630931854
0.15914005041122437
0.2144772857427597
0.23730327188968658
0.14091013371944427
0.16949693858623505
0.20026864111423492
0.24599838256835938
0.2701207101345062
0.24194703996181488
0.1324535757303238
0.37003666162490845
0.12190075218677521
0.18068236112594604
0.17801879346370697
0.23668763041496277
0.22635765373706818
0.34425482153892517
0.24522764980793
0.17686022818088531
0.13864809274673462
0.18379665911197662
0.1853780299425125
0.1637290120124817
0.3235941231250763
0.32642611861228943
0.15051686763763428
0.2396405041217804
0.12366492301225662
0.17501001060009003
0.19380627572536469
0.175961434841156
0.21833834052085876
0.14522629976272583
0.22470781207084656
0.3944215774536133
0.2230747491121292
0.1407395750284195
0.1738387793302536
0.16381089389324188
0.1828765720129013
0.29651206731796265
0.14616350829601288
0.426604688167572
0.16234800219535828
0.1983674317598343
0.2353747934103012
0.23724623024463654
0.20531241595745087
0.2699795067310333
0.2605244517326355
0.16102753579616547
0.16585034132003784
0.2979278862476349
0.14214180409908295
0.14747783541679382
0.32896047830581665
0.1716417521238327
0.24822334945201874
0.14856097102165222
0.23170121014118195
0.1296004205942154
0.273806631565094
0.3534916341304779
0.5291122198104858
0.2837880253791809
0.16864891350269318
0.25857189297676086
0.23246550559997559
0.12501341104507446
0.16149874031543732
0.20964179933071136
0.15696129202842712
0.16905970871448517
0.20530302822589874
0.21104785799980164
0.27581050992012024
0.290839284658432
0.3475555181503296
0.3701706826686859
0.22832931578159332
0.22540396451950073
0.13751409947872162
0.16268087923526764
0.21692673861980438
0.1527751237154007
0.17944473028182983
0.26333996653556824
0.15650679171085358
0.30590155720710754
0.17338776588439941
0.18689541518688202
0.16997365653514862
0.23969437181949615
0.12450334429740906
0.16386447846889496
0.12675034999847412
0.1600823551416397
0.15798789262771606
0.12737396359443665
0.3166162967681885
0.3173448145389557
0.2400885969400406
0.22697773575782776
0.27136316895484924
0.40979352593421936
0.23307596147060394
0.2841549217700958
0.18024343252182007
0.12423625588417053
0.1488567292690277
0.2937808036804199
0.18050134181976318
0.3683133125305176
0.19947007298469543
0.31149962544441223
0.1717492789030075
0.15299899876117706
0.2590479850769043
0.23248369991779327
0.15088602900505066
0.39763230085372925
0.2918299734592438
0.17075377702713013
0.2026863545179367
0.20099982619285583
0.1907651722431183
0.16439232230186462
0.18300019204616547
0.3559788167476654
0.3468686640262604
0.20069369673728943
0.17856033146381378
0.18075720965862274
0.14498335123062134
0.17003074288368225
0.2120382934808731
0.1520850956439972
0.17180828750133514
0.20593851804733276
0.17333579063415527
0.4191126823425293
0.30595850944519043
0.16906407475471497
0.27698034048080444
0.2234434336423874
0.1872519850730896
0.11527397483587265
0.15732349455356598
0.2022244781255722
0.3279595971107483
0.2957071363925934
0.19570396840572357
0.28935179114341736
0.2123570442199707
0.13265037536621094
0.2017928510904312
0.1635468751192093
0.13682226836681366
0.2691956162452698
0.13346366584300995
0.3788987100124359
0.1354101151227951
0.23188580572605133
0.22650712728500366
0.24578633904457092
0.1354740858078003
0.3125458061695099
0.21996040642261505
0.4038946032524109
0.2299659103155136
0.163774773478508
0.19260826706886292
0.33845120668411255
0.1862313151359558
0.3036688566207886
0.17838315665721893
0.13392283022403717
0.1503223478794098
0.22687186300754547
0.16637066006660461
0.3800083100795746
0.20102033019065857
0.2183404564857483
0.24311129748821259
0.16870273649692535
0.21438471972942352
0.35522809624671936
0.2730165421962738
0.20784848928451538
0.1553952693939209
0.13325700163841248
0.20293055474758148
0.22431853413581848
0.2064242660999298
0.1507703959941864
0.37560826539993286
0.16099503636360168
0.19167958199977875
0.25064143538475037
0.21445100009441376
0.22120225429534912
0.18069277703762054
0.17242348194122314
0.2833709716796875
0.2541135251522064
0.15669654309749603
0.26489922404289246
0.25330114364624023
0.2076059877872467
0.14497622847557068
0.26164108514785767
0.16218575835227966
0.23065845668315887
0.17297060787677765
0.12396577000617981
0.2777652144432068
0.335304319858551
0.15616855025291443
0.32910746335983276
0.13790355622768402
0.21711711585521698
0.23126541078090668
0.28013327717781067
0.1327490210533142
0.15382492542266846
0.1928785741329193
0.2759860157966614
0.11204022169113159
0.2953434884548187
0.17067383229732513
0.23291295766830444
0.1361577957868576
0.29462671279907227
0.26280176639556885
0.18402178585529327
0.21495231986045837
0.16876432299613953
0.17105288803577423
0.24267907440662384
0.2658396363258362
0.25153088569641113
0.16458019614219666
0.21622234582901
0.44533783197402954
0.1834176927804947
0.3192640244960785
0.14942507445812225
0.1545003056526184
0.26665395498275757
0.1331697553396225
0.16239584982395172
0.161053866147995
0.15625427663326263
0.22001154720783234
0.23099184036254883
0.2438625991344452
0.23428520560264587
0.2372146099805832
0.17577078938484192
0.2009967863559723
0.26719993352890015
0.18321120738983154
0.2837699055671692
0.27951401472091675
0.21162815392017365
0.2745513319969177
0.18025174736976624
0.3258296847343445
0.21846605837345123
0.2458105981349945
0.153508722782135
0.2780269980430603
0.3399240970611572
0.2689332067966461
0.1916038691997528
0.15964189171791077
0.20663900673389435
0.2913406491279602
0.1997254192829132
0.34214743971824646
0.16188769042491913
0.21007207036018372
0.15181732177734375
0.1950025111436844
0.3030807375907898
0.21475698053836823
0.4028717577457428
0.1261758953332901
0.19489224255084991
0.3691219687461853
0.3094753623008728
0.23107215762138367
0.18442127108573914
0.14888609945774078
0.201158344745636
0.12498410046100616
0.2616664469242096
0.2204010784626007
0.1795804500579834
0.33656612038612366
0.18203681707382202
0.23806264996528625
0.182809516787529
0.1670992076396942
0.23119746148586273
0.35261857509613037
0.37280958890914917
0.12816807627677917
0.24402186274528503
0.313702255487442
0.3750497102737427
0.1849411129951477
0.14145644009113312
0.35147154331207275
0.18733231723308563
0.1549208164215088
0.16626788675785065
0.2794802188873291
0.2899475395679474
0.17420661449432373
0.22172826528549194
0.2448883056640625
0.20838379859924316
0.2516089379787445
0.2075469195842743
0.3114502727985382
0.24683353304862976
0.1514180451631546
0.12901104986667633
0.2331508994102478
0.2704325318336487
0.30586621165275574
