0.1529584527015686
0.1535831093788147
0.13819488883018494
0.14397946000099182
0.20132608711719513
0.2851449251174927
0.13681304454803467
0.21626274287700653
0.16582827270030975
0.16495350003242493
0.282092809677124
0.1389126032590866
0.19279547035694122
0.16825447976589203
0.1648131012916565
0.17743615806102753
0.15780338644981384
0.19527320563793182
0.1433209478855133
0.15780338644981384
0.18115998804569244
0.1531098186969757
0.13276512920856476
0.1284039467573166
0.13527734577655792
0.17723023891448975
0.14550216495990753
0.17741349339485168
0.1889856606721878
0.1467912346124649
0.2186734825372696
0.15389202535152435
0.13320022821426392
0.1463332176208496
0.16787460446357727
0.18326395750045776
0.14683526754379272
0.13078895211219788
0.13515469431877136
0.1391114592552185
0.13660863041877747
0.19613821804523468
0.14261913299560547
0.166345477104187
0.17812123894691467
0.14151427149772644
0.1683543473482132
0.20239879190921783
0.13181689381599426
0.21966511011123657
0.13870102167129517
0.13862892985343933
0.14197991788387299
0.1516793966293335
0.13997001945972443
0.15940138697624207
0.12210982292890549
0.12612278759479523
0.18675342202186584
0.17874868214130402
0.21983490884304047
0.18743109703063965
0.16217631101608276
0.13469259440898895
0.13556760549545288
0.14179079234600067
0.1395770162343979
0.18828941881656647
0.20773692429065704
0.13196967542171478
0.21759094297885895
0.1689634621143341
0.11609642952680588
0.13295507431030273
0.17802181839942932
0.1561722606420517
0.17680595815181732
0.16137999296188354
0.1458415538072586
0.16587986052036285
0.15319021046161652
0.1365053802728653
0.15934738516807556
0.14866577088832855
0.13282501697540283
0.15397776663303375
0.18369129300117493
0.15250691771507263
0.18177366256713867
0.19073833525180817
0.2596327066421509
0.16928721964359283
0.13742589950561523
0.3082679212093353
0.12960799038410187
0.19325827062129974
0.11929646879434586
0.17430883646011353
0.19789160788059235
0.18119095265865326
0.15649591386318207
0.13325318694114685
0.1567278802394867
0.20508690178394318
0.18096934258937836
0.15810030698776245
0.16886718571186066
0.19551929831504822
0.15243178606033325
0.13776795566082
0.25172802805900574
0.13273124396800995
0.17862172424793243
0.16518568992614746
0.16236862540245056
0.21284173429012299
0.13929042220115662
0.16652575135231018
0.1712159514427185
0.1721610277891159
0.17596477270126343
0.17486044764518738
0.1701064109802246
0.17954756319522858
0.2150912582874298
0.2125830352306366
0.19356118142604828
0.1555985063314438
0.16216479241847992
0.21045511960983276
0.16273462772369385
0.19759312272071838
0.19876833260059357
0.13918088376522064
0.1990816742181778
0.15551957488059998
0.18560682237148285
0.14504441618919373
0.1358022540807724
0.14285480976104736
0.16888359189033508
0.13336658477783203
0.148505300283432
0.12740696966648102
0.13879869878292084
0.13435453176498413
0.20078887045383453
0.13331188261508942
0.2016494870185852
0.2401808500289917
0.14917950332164764
0.17963559925556183
0.1709524542093277
0.18540039658546448
0.14583289623260498
0.20482710003852844
0.1711200773715973
0.1711200773715973
0.1795400232076645
0.1772892326116562
0.2031821608543396
0.2047782987356186
0.17227940261363983
0.16305594146251678
0.19602736830711365
0.19665755331516266
0.1652572602033615
0.16300582885742188
0.18879565596580505
0.1790878176689148
0.2082982361316681
0.1533694565296173
0.17241589725017548
0.19444361329078674
0.19026264548301697
0.1689436435699463
0.1768541932106018
0.132567897439003
0.14149530231952667
0.15332171320915222
0.1340358555316925
0.2359202355146408
0.18012647330760956
0.16772249341011047
0.23496656119823456
0.1288795918226242
0.17916426062583923
0.15387558937072754
0.20139071345329285
0.17880652844905853
0.15284506976604462
0.1930336356163025
0.19999073445796967
0.23941980302333832
0.21844914555549622
0.1685188114643097
0.16503171622753143
0.1565631628036499
0.15317462384700775
0.45155808329582214
0.19442494213581085
0.18360449373722076
0.16757895052433014
0.13812293112277985
0.1622198224067688
0.1631893366575241
0.17922936379909515
0.21438442170619965
0.17718808352947235
0.17159084975719452
0.13841772079467773
0.16707228124141693
0.16968174278736115
0.1807124763727188
0.26908522844314575
0.20899520814418793
0.23766224086284637
0.2109658122062683
0.1923491507768631
0.23837494850158691
0.22314585745334625
0.20124451816082
0.1815757006406784
0.26286497712135315
0.21770013868808746
0.2704959213733673
0.2313634306192398
0.19238081574440002
0.20141564309597015
0.17531779408454895
0.2138601541519165
0.18124964833259583
0.2227919101715088
0.20310992002487183
0.21830227971076965
0.22214719653129578
0.17021425068378448
0.18879909813404083
0.14060747623443604
0.12000668048858643
0.1499999612569809
0.17624782025814056
0.15452569723129272
0.15032625198364258
0.13916069269180298
0.19481822848320007
0.27495628595352173
0.20726443827152252
0.13610541820526123
0.13127095997333527
0.13846449553966522
0.13499973714351654
0.2123117744922638
0.25889161229133606
0.16643080115318298
0.2724809944629669
0.24851806461811066
0.15315385162830353
0.30474239587783813
0.12717966735363007
0.17220668494701385
0.16424676775932312
0.21880629658699036
0.14650924503803253
0.15776804089546204
0.16217432916164398
0.15952184796333313
0.16098514199256897
0.23515301942825317
0.21143409609794617
0.1668279618024826
0.1579362004995346
0.1437080204486847
0.1742129921913147
0.1957513988018036
0.16843153536319733
0.18646696209907532
0.18441303074359894
0.14939506351947784
0.14988215267658234
0.15059351921081543
0.18678639829158783
0.13902819156646729
0.13342975080013275
0.1373794972896576
0.16809974610805511
0.15918049216270447
0.15183302760124207
0.17907372117042542
0.17348669469356537
0.1548149287700653
0.17044200003147125
0.12980449199676514
0.16639506816864014
0.15350331366062164
0.20164887607097626
0.17409302294254303
0.15701298415660858
0.2669907808303833
0.20101533830165863
0.2544730305671692
0.12745514512062073
0.14552859961986542
0.15011310577392578
0.1311478167772293
0.1580975204706192
0.1560465693473816
0.1509920060634613
0.2203281819820404
0.20684795081615448
0.20578612387180328
0.1308457851409912
0.14186778664588928
0.25028157234191895
0.15902939438819885
0.17086593806743622
0.18062497675418854
0.13420666754245758
0.18328972160816193
0.17564788460731506
0.1571829617023468
0.14620457589626312
0.1795637458562851
0.16390810906887054
0.183663010597229
0.1786515861749649
0.18730145692825317
0.17008738219738007
0.16651886701583862
0.1850040704011917
0.1641669124364853
0.14919517934322357
0.25389397144317627
0.15504740178585052
0.13863547146320343
0.19494271278381348
0.16195298731327057
0.21261438727378845
0.16407471895217896
0.14356344938278198
0.15151053667068481
0.12330527603626251
0.14992253482341766
0.16514191031455994
0.15132533013820648
0.2162499725818634
0.15428265929222107
0.15428265929222107
0.25082483887672424
0.26802510023117065
0.2854118347167969
0.22079037129878998
0.16953176259994507
0.23497585952281952
0.1802617758512497
0.2757001221179962
0.15337792038917542
0.16154107451438904
0.1630362719297409
0.17778080701828003
0.20432597398757935
0.2615852952003479
0.22341841459274292
0.14946873486042023
0.15676812827587128
0.18201088905334473
0.14764626324176788
0.21441614627838135
0.18219484388828278
0.17202317714691162
0.1489042341709137
0.19742977619171143
0.16675986349582672
0.23606248199939728
0.1496466100215912
0.16042883694171906
0.2124367505311966
0.15044154226779938
0.14570631086826324
0.17443478107452393
0.1681443303823471
0.17398446798324585
0.14037679135799408
0.2175932675600052
0.1679745614528656
0.16561657190322876
0.1675623506307602
0.1675623506307602
0.14519843459129333
0.1320703625679016
0.14806504547595978
0.14898502826690674
0.1815643012523651
0.16992305219173431
0.14341166615486145
0.17511621117591858
0.16562923789024353
0.15471401810646057
0.24677588045597076
0.2263818085193634
0.12313051521778107
0.1379888653755188
0.15880633890628815
0.14930690824985504
0.13094179332256317
0.13914093375205994
0.1416652947664261
0.15009090304374695
0.1340107023715973
0.1489831507205963
0.17327919602394104
0.16174742579460144
0.18972492218017578
0.16212277114391327
0.15870478749275208
0.19463446736335754
0.1629558801651001
0.18152622878551483
0.15825581550598145
0.13657361268997192
0.28329575061798096
0.21547579765319824
0.17305800318717957
0.18776734173297882
0.14508570730686188
0.15065720677375793
0.15506979823112488
0.16706031560897827
0.1420082151889801
0.14683941006660461
0.1784093677997589
0.16800154745578766
0.19763590395450592
0.16279515624046326
0.20434875786304474
0.15751749277114868
0.15290087461471558
0.20127369463443756
0.13983899354934692
0.13381308317184448
0.25235816836357117
0.175062894821167
0.17753930389881134
0.29170745611190796
0.1649683117866516
0.1634962260723114
0.18448202311992645
0.14330436289310455
0.144342839717865
0.13733702898025513
0.1506592482328415
0.17061802744865417
0.13073650002479553
0.1328808069229126
0.17156866192817688
0.18527190387248993
0.14642861485481262
0.13194003701210022
0.151302769780159
0.13075503706932068
0.13787345588207245
0.14928390085697174
0.18200156092643738
0.16886749863624573
0.23042266070842743
0.25768956542015076
0.1523292362689972
0.13958649337291718
0.18131422996520996
0.16712278127670288
0.1340666115283966
0.15056270360946655
0.22495393455028534
0.2300306260585785
0.17270205914974213
0.2534058690071106
0.12380791455507278
0.18386679887771606
0.17105866968631744
0.14378201961517334
0.1473095417022705
0.17551091313362122
0.18045464158058167
0.1509488970041275
0.13625793159008026
0.1657698005437851
0.17117349803447723
0.2037699818611145
0.16690224409103394
0.1493491381406784
0.13559691607952118
0.16449029743671417
0.1369122415781021
0.15292726457118988
0.1554238647222519
0.21218085289001465
0.13559691607952118
0.15216109156608582
0.15026023983955383
0.16211308538913727
0.18691077828407288
0.19053545594215393
0.16064241528511047
0.16783295571804047
0.15352267026901245
0.14612486958503723
0.13621403276920319
0.1449771672487259
0.14523030817508698
0.16725097596645355
0.17019419372081757
0.13966168463230133
0.16637924313545227
0.1549438238143921
0.13637682795524597
0.15000048279762268
0.17616619169712067
0.14692124724388123
0.15087702870368958
0.2160802036523819
0.13326382637023926
0.21005603671073914
0.1531703770160675
0.18105736374855042
0.15788346529006958
0.1692216694355011
0.1698090136051178
0.15498822927474976
0.16113179922103882
0.2057478129863739
0.16176635026931763
0.15310075879096985
0.17616699635982513
0.14616800844669342
0.16288483142852783
0.17591546475887299
0.1981038898229599
0.1753665953874588
0.1465439796447754
0.2003149837255478
0.17674429714679718
0.2853441834449768
0.20739763975143433
0.17315764725208282
0.1638568788766861
0.13957001268863678
0.16139084100723267
0.12590399384498596
0.1203356385231018
0.15529155731201172
0.14072871208190918
0.16594041883945465
0.1451854407787323
0.15054966509342194
0.19578306376934052
0.14853860437870026
0.1898919939994812
0.1599264144897461
0.20879749953746796
0.14246352016925812
0.14848549664020538
0.2065981775522232
0.17885416746139526
0.15152382850646973
0.1593995988368988
0.1580740511417389
0.14019633829593658
0.1841108649969101
0.15786327421665192
0.1379912942647934
0.13476939499378204
0.15489666163921356
0.1234440803527832
0.16501422226428986
0.1386961042881012
0.14420859515666962
0.14578072726726532
0.18126890063285828
0.2405291497707367
0.15250147879123688
0.15662875771522522
0.18212959170341492
0.175342857837677
0.22736452519893646
0.1648181974887848
0.180255725979805
0.24569860100746155
0.24876350164413452
0.1961098313331604
0.22178782522678375
0.23050515353679657
0.18615223467350006
0.15678773820400238
0.17196224629878998
0.21102991700172424
0.2133457213640213
0.19165560603141785
0.15835724771022797
0.18332818150520325
0.17572949826717377
0.17800986766815186
0.16374064981937408
0.16516517102718353
0.2024996131658554
0.16531811654567719
0.17218616604804993
0.1347874104976654
0.18075597286224365
0.18698759377002716
0.18908603489398956
0.18377193808555603
0.18756261467933655
0.18073642253875732
0.15215890109539032
0.19439412653446198
0.14322131872177124
0.18994620442390442
0.2417593151330948
0.17045143246650696
0.3236437141895294
0.19331365823745728
0.15372739732265472
0.14060047268867493
0.1399451643228531
0.19535881280899048
0.1798570156097412
0.15544214844703674
0.13219256699085236
0.1289823055267334
0.16684465110301971
0.2478327751159668
0.19553256034851074
0.21684902906417847
0.13850851356983185
0.14292050898075104
0.15633660554885864
0.16110749542713165
0.1809179037809372
0.25563204288482666
0.19091537594795227
0.2316783219575882
0.15995976328849792
0.13885323703289032
0.14429379999637604
0.14138290286064148
0.16627196967601776
0.1313551962375641
0.14531099796295166
0.15417194366455078
0.1600000262260437
0.13906598091125488
0.19093136489391327
0.14241324365139008
0.14325372874736786
0.16352593898773193
0.15659905970096588
0.14464783668518066
0.17431223392486572
0.13701245188713074
0.1665438413619995
0.1930629462003708
0.15480199456214905
0.1742970198392868
0.15087367594242096
0.16201381385326385
0.17225761711597443
0.31351420283317566
0.1538655012845993
0.2600283920764923
0.23893170058727264
0.1632315069437027
0.1759471297264099
0.12721453607082367
0.14862030744552612
0.21985924243927002
0.23797494173049927
0.16000008583068848
0.2506275475025177
0.23443230986595154
0.18966417014598846
0.2061779946088791
0.18776202201843262
0.14970649778842926
0.21522526443004608
0.17783799767494202
0.17038494348526
0.17402797937393188
0.31807735562324524
0.17523448169231415
0.20215919613838196
0.1369423270225525
0.1507701426744461
0.16146135330200195
0.16146135330200195
0.140304833650589
0.15096460282802582
0.21240967512130737
0.1486232876777649
0.17922651767730713
0.1323561668395996
0.17728270590305328
0.12936164438724518
0.16903208196163177
0.15540768206119537
0.1575009524822235
0.13163870573043823
0.16858740150928497
0.14072474837303162
0.15515004098415375
0.16727350652217865
0.19801168143749237
0.16637857258319855
0.14555978775024414
0.26404932141304016
0.19979208707809448
0.1196320652961731
0.13090309500694275
0.17780904471874237
0.17963483929634094
0.17963483929634094
0.19128865003585815
0.20624984800815582
0.17826424539089203
0.17826424539089203
0.20251107215881348
0.19217130541801453
0.1666082739830017
0.18437393009662628
0.15341022610664368
0.1356678605079651
0.1858665943145752
0.18040049076080322
0.16915945708751678
0.1682358980178833
0.24419136345386505
0.1894160658121109
0.13629844784736633
0.17750614881515503
0.2113565355539322
0.15511395037174225
0.1702704280614853
0.2051701545715332
0.2165745496749878
0.17665156722068787
0.15644018352031708
0.16436856985092163
0.20606622099876404
0.19694042205810547
0.1808260828256607
0.16501645743846893
0.17835120856761932
0.131515234708786
0.16489319503307343
0.14373496174812317
0.14449836313724518
0.16072911024093628
0.16335350275039673
0.13841195404529572
0.1469770222902298
0.19838406145572662
0.17237961292266846
0.1841508001089096
0.18726061284542084
0.18894150853157043
0.15159116685390472
0.2284213751554489
0.1508765071630478
0.16267231106758118
0.20636606216430664
0.16149914264678955
0.160853773355484
0.2865431010723114
0.17486289143562317
0.16153018176555634
0.22645390033721924
0.19488072395324707
0.19082197546958923
0.1686803549528122
0.16134734451770782
0.17522002756595612
0.23898549377918243
0.2013804316520691
0.22651544213294983
0.16024498641490936
0.1409030258655548
0.21710845828056335
0.21757572889328003
0.23984885215759277
0.17790557444095612
0.22357037663459778
0.22712120413780212
0.19824188947677612
0.23493732511997223
0.27059265971183777
0.2096996158361435
0.19528013467788696
0.16372977197170258
0.2140020877122879
0.1431431919336319
0.20009656250476837
0.24766336381435394
0.14126071333885193
0.1803337037563324
0.17464379966259003
0.20842890441417694
0.14211970567703247
0.12198761105537415
0.13658051192760468
0.1242121085524559
0.22886846959590912
0.16511639952659607
0.22953735291957855
0.24206140637397766
0.19720010459423065
0.28208380937576294
0.1489478051662445
0.1900908350944519
0.1632671356201172
0.161054328083992
0.17780329287052155
0.15769904851913452
0.154776930809021
0.19840198755264282
0.15461823344230652
0.16854514181613922
0.13902626931667328
0.14621692895889282
0.13844585418701172
0.1701895296573639
0.21480488777160645
0.17522960901260376
0.21118107438087463
0.1777263879776001
0.19522607326507568
0.1876095086336136
0.148671492934227
0.16983985900878906
0.1493101269006729
0.13554537296295166
0.1496909260749817
0.14670518040657043
0.22220712900161743
0.15243545174598694
0.36835697293281555
0.14449623227119446
0.1610247939825058
0.15376470983028412
0.18979482352733612
0.17518386244773865
0.23280717432498932
0.133474200963974
0.13959334790706635
0.14289529621601105
0.17322538793087006
0.1592111885547638
0.1385190486907959
0.33063626289367676
0.1979757696390152
0.18222841620445251
0.19621042907238007
0.12366984784603119
0.21735188364982605
0.14679494500160217
0.21560803055763245
0.1480068862438202
0.16650496423244476
0.21842478215694427
0.14681674540042877
0.16183161735534668
0.19974786043167114
0.145116925239563
0.31975090503692627
0.17574267089366913
0.32849550247192383
0.1795051097869873
0.1726856231689453
0.16820037364959717
0.17358210682868958
0.32055485248565674
0.15372449159622192
0.16750259697437286
0.12866491079330444
0.23624767363071442
0.16190311312675476
0.3010302186012268
0.1393052488565445
0.13706934452056885
0.24781230092048645
0.15873539447784424
0.15822075307369232
0.33883199095726013
0.31554099917411804
0.13041090965270996
0.16557681560516357
0.2057632952928543
0.20383496582508087
0.18446467816829681
0.13074082136154175
0.13247458636760712
0.1508161872625351
0.1433127373456955
0.14470653235912323
0.18721190094947815
0.13515721261501312
0.1814616322517395
0.15666553378105164
0.17504654824733734
0.1352614462375641
0.12295705080032349
0.1513759344816208
0.17307554185390472
0.1877100020647049
0.1875114142894745
0.19094805419445038
0.14335612952709198
0.21640810370445251
0.21067163348197937
0.22279448807239532
0.15086153149604797
0.13876895606517792
0.17618709802627563
0.15175898373126984
0.1502247005701065
0.1678778976202011
0.1593974530696869
0.1536339819431305
0.21284358203411102
0.14854511618614197
0.15087702870368958
0.17755860090255737
0.17083610594272614
0.1725028157234192
0.13204489648342133
0.14002078771591187
0.1777091771364212
0.1839940994977951
0.18935230374336243
0.27120280265808105
0.2330271452665329
0.18824924528598785
0.1779835820198059
0.17584101855754852
0.15304645895957947
0.14406800270080566
0.17603115737438202
0.20141084492206573
0.2163943350315094
0.15683802962303162
0.17914079129695892
0.16590139269828796
0.1564728021621704
0.28226202726364136
0.13897351920604706
0.27418139576911926
0.14614862203598022
0.15135625004768372
0.19291211664676666
0.16834692656993866
0.1649095118045807
0.14344383776187897
0.1578756421804428
0.17811881005764008
0.22696992754936218
0.1532127410173416
0.16083382070064545
0.40027374029159546
0.1660727560520172
0.17751088738441467
0.18907307088375092
0.1207907423377037
0.14687146246433258
0.15085551142692566
0.21879257261753082
0.163629949092865
0.21003811061382294
0.16962434351444244
0.14438290894031525
0.14729754626750946
0.17775078117847443
0.15400102734565735
0.13476239144802094
0.14640145003795624
0.16796444356441498
0.18335217237472534
0.1297575682401657
0.1448303461074829
0.13526935875415802
0.30603593587875366
0.13657839596271515
0.18654169142246246
0.1962529718875885
0.1427081972360611
0.1664174646139145
0.20585478842258453
0.12820695340633392
0.12595336139202118
0.21895092725753784
0.17719332873821259
0.1607303023338318
0.13187392055988312
0.1386944055557251
0.1389281451702118
0.14207763969898224
0.1573823094367981
0.1517985314130783
0.1400666981935501
0.1594340056180954
0.15826882421970367
0.1311541199684143
0.1468425691127777
0.18685978651046753
0.21996529400348663
0.16226422786712646
0.1259714961051941
0.13477647304534912
0.12898147106170654
0.13566605746746063
0.13295727968215942
0.1569729745388031
0.1658085137605667
0.29326364398002625
0.13353949785232544
0.15420271456241608
0.16880391538143158
0.16905371844768524
0.11619476974010468
0.1330096572637558
0.17476105690002441
0.1765962541103363
0.17689187824726105
0.1910022795200348
0.1459198296070099
0.16595889627933502
0.1582065373659134
0.19163690507411957
0.1365843564271927
0.15940509736537933
0.1487446427345276
0.13041992485523224
0.13290470838546753
0.13522374629974365
0.17735758423805237
0.15846692025661469
0.15404962003231049
0.18380986154079437
0.13785317540168762
0.25978153944015503
0.15362060070037842
0.19339512288570404
0.11933908611536026
0.17438966035842896
0.1980380266904831
0.14138346910476685
0.18128462135791779
0.15657635033130646
0.13330358266830444
0.1839563399553299
0.1568310707807541
0.14756064116954803
0.20522922277450562
0.18482786417007446
0.20986567437648773
0.15759290754795074
0.1742727905511856
0.1956343799829483
0.13900448381900787
0.1581636369228363
0.13783904910087585
0.17799587547779083
0.15474683046340942
0.17871077358722687
0.16013416647911072
0.16700230538845062
0.17117545008659363
0.16666235029697418
0.20911768078804016
0.16661308705806732
0.1814686805009842
0.17496006190776825
0.1701940894126892
0.18891595304012299
0.21519502997398376
0.18853770196437836
0.17366699874401093
0.15568354725837708
0.18703503906726837
0.16697074472904205
0.14943893253803253
0.18500688672065735
0.2105911821126938
0.16632871329784393
0.1368742287158966
0.1556185632944107
0.1411353349685669
0.15036024153232574
0.2828674912452698
0.149771586060524
0.14978183805942535
0.16020675003528595
0.18571199476718903
0.13588903844356537
0.14289048314094543
0.17636194825172424
0.16804981231689453
0.13343439996242523
0.1274988055229187
0.12772946059703827
0.13440626859664917
0.14034931361675262
0.12490705400705338
0.14573904871940613
0.11584948003292084
0.20089752972126007
0.13336877524852753
0.14196647703647614
0.20177729427814484
0.2403469681739807
0.16746467351913452
0.1492571383714676
0.2084447294473648
0.17972859740257263
0.1710873544216156
0.17656661570072174
0.14591017365455627
0.18746350705623627
0.17120327055454254
0.1855316311120987
0.17737595736980438
0.24386024475097656
0.20330633223056793
0.17236924171447754
0.14970766007900238
0.16677230596542358
0.21189729869365692
0.20843550562858582
0.16251181066036224
0.17251214385032654
0.17695774137973785
0.13265246152877808
0.16835395991802216
0.14153699576854706
0.13408154249191284
0.23607417941093445
0.15431004762649536
0.1802312284708023
0.1678105890750885
0.23507533967494965
0.1815822869539261
0.1539568305015564
0.2015199065208435
0.2089400738477707
0.16860409080982208
0.12207111716270447
0.15664835274219513
0.21484056115150452
0.13123053312301636
0.17237801849842072
0.18009351193904877
0.1945379227399826
0.1734737604856491
0.16765731573104858
0.1901300847530365
0.13819624483585358
0.163247749209404
0.2145759016275406
0.31895914673805237
0.17737093567848206
0.15718171000480652
0.18111757934093475
0.17521271109580994
0.14129163324832916
0.2536332905292511
0.1808365434408188
0.1472916156053543
0.13954971730709076
0.17263516783714294
0.26929566264152527
0.22781115770339966
0.17230820655822754
0.19034473598003387
0.2232762575149536
0.23144251108169556
0.18067196011543274
0.26302316784858704
0.23281311988830566
0.21606703102588654
0.19247139990329742
0.21395288407802582
0.16629497706890106
0.1813662052154541
0.22288919985294342
0.20324267446994781
0.20373640954494476
0.21233871579170227
0.17031212151050568
0.15122289955615997
0.15122289955615997
0.1406712383031845
0.13768646121025085
0.18504022061824799
0.15007831156253815
0.15038175880908966
0.13925756514072418
0.1148860976099968
0.1949741095304489
0.13134369254112244
0.1350426971912384
0.2124210149049759
0.25906315445899963
0.27265796065330505
0.2684388756752014
0.24870111048221588
0.16625162959098816
0.16858786344528198
0.16432757675647736
0.16432757675647736
0.15785345435142517
0.16225840151309967
0.1610671579837799
0.2950884997844696
0.1879003643989563
0.21155454218387604
0.16105033457279205
0.16691023111343384
0.18245461583137512
0.15801462531089783
0.18184778094291687
0.17430974543094635
0.19584177434444427
0.18450325727462769
0.14836633205413818
0.14946790039539337
0.14996549487113953
0.15067709982395172
0.13907626271247864
0.15207034349441528
0.13352377712726593
0.15192638337612152
0.17917680740356445
0.1976282149553299
0.2023763209581375
0.17680414021015167
0.15987840294837952
0.12626580893993378
0.14784137904644012
0.17053033411502838
0.16614870727062225
0.25957298278808594
0.1536131352186203
0.17088620364665985
0.20177488029003143
0.1570454239845276
0.19110459089279175
0.2546660900115967
0.15019665658473969
0.15613070130348206
0.15106885135173798
0.20698414742946625
0.1446041613817215
0.1419646441936493
0.22233846783638
0.17094792425632477
0.15401972830295563
0.15057146549224854
0.23791538178920746
0.13430428504943848
0.17574149370193481
0.15731503069400787
0.14627490937709808
0.17968618869781494
0.17874065041542053
0.18738241493701935
0.16666865348815918
0.1309725046157837
0.16207528114318848
0.13870975375175476
0.16201026737689972
0.16416184604167938
0.1448318511247635
0.14363522827625275
0.17381593585014343
0.14561419188976288
0.2043558657169342
0.18203458189964294
0.14692236483097076
0.1888817995786667
0.14130491018295288
0.14102713763713837
0.13338255882263184
0.18013866245746613
0.16528435051441193
0.3384440541267395
0.15172843635082245
0.16664010286331177
0.1514008343219757
0.21641598641872406
0.1980573982000351
0.1543647199869156
0.1543647199869156
0.2440851479768753
0.24560464918613434
0.2682117819786072
0.1905713826417923
0.16963034868240356
0.15148676931858063
0.1803513467311859
0.15748882293701172
0.16163751482963562
0.22355471551418304
0.14954259991645813
0.2909817397594452
0.15686720609664917
0.1588219404220581
0.17160242795944214
0.14769968390464783
0.17210493981838226
0.1489599049091339
0.1691306084394455
0.175583153963089
0.1353101283311844
0.12693431973457336
0.142903670668602
0.1775408685207367
0.1586327850818634
0.17325270175933838
0.16049271821975708
0.140823096036911
0.17946955561637878
0.15050989389419556
0.14484328031539917
0.1458074450492859
0.14046737551689148
0.12369384616613388
0.14528788626194
0.1470167636871338
0.1321568638086319
0.13918162882328033
0.14909081161022186
0.20326468348503113
0.18166880309581757
0.17003291845321655
0.17519161105155945
0.13245557248592377
0.16571980714797974
0.2469026893377304
0.2265080362558365
0.16434042155742645
0.1232011541724205
0.1380656510591507
0.13244979083538055
0.13924908638000488
0.14170099794864655
0.18598754703998566
0.1784805804491043
0.1633765548467636
0.15832701325416565
0.28347745537757874
0.21559277176856995
0.17316101491451263
0.1609238237142563
0.1788630485534668
0.1522539108991623
0.15072563290596008
0.15515215694904327
0.15393371880054474
0.1589277684688568
0.1420586109161377
0.1491660326719284
0.15080930292606354
0.196532741189003
0.16808192431926727
0.16282503306865692
0.19772060215473175
0.13551372289657593
0.17601138353347778
0.2044873833656311
0.1575848013162613
0.14625364542007446
0.20140479505062103
0.1480974406003952
0.13507993519306183
0.23869596421718597
0.2525606155395508
0.18215075135231018
0.17514178156852722
0.17764170467853546
0.1650557965040207
0.1635795384645462
0.17072494328022003
0.13264219462871552
0.15263260900974274
0.130802720785141
0.1716475784778595
0.1635574996471405
0.14652326703071594
0.24242286384105682
0.15139175951480865
0.14139701426029205
0.12990640103816986
0.1530718356370926
0.13084183633327484
0.1379658281803131
0.21983221173286438
0.2377018928527832
0.193276509642601
0.1821071356534958
0.18343426287174225
0.17227262258529663
0.18439340591430664
0.16894957423210144
0.1571919023990631
0.14703375101089478
0.23056165874004364
0.16722483932971954
0.13958880305290222
0.14702273905277252
0.13878194987773895
0.15065494179725647
0.23016592860221863
0.17278318107128143
0.24308492243289948
0.12387722730636597
0.12518279254436493
0.16221998631954193
0.17482787370681763
0.18396537005901337
0.1520940512418747
0.1887863129377365
0.28193119168281555
0.21167808771133423
0.1474388837814331
0.142682746052742
0.15470165014266968
0.17560826241970062
0.1926814615726471
0.15071019530296326
